,Andorra,United Arab Emirates,Afghanistan,Albania,Armenia,Angola,Argentina,Austria,Azerbaijan,Bosnia and Herzegovina,Bangladesh,Belgium,Burkina Faso,Bulgaria,Burundi,Benin,Brunei,Bolivia,Brazil,Bhutan,Botswana,Belarus,Belize,Canada,Democratic Republic of the Congo,Central African Republic,Republic of the Congo,Switzerland,Ivory Coast,Chile,Cameroon,China,Colombia,Costa Rica,Cuba,Czechia,Germany,Djibouti,Denmark,Dominican Republic,Algeria,Ecuador,Estonia,Egypt,Western Sahara,Eritrea,Spain,Ethiopia,Finland,France,Gabon,United Kingdom,Georgia,French Guiana,Ghana,Gibraltar,Gambia,Guinea,Equatorial Guinea,Greece,Guatemala,Guinea-Bissau,Guyana,Honduras,Croatia,Haiti,Hungary,Indonesia,Ireland,Israel,India,Iraq,Iran,Italy,Jordan,Kenya,Kyrgyzstan,Cambodia,North Korea,South Korea,Kosovo,Kuwait,Kazakhstan,Laos,Lebanon,Liechtenstein,Liberia,Lesotho,Lithuania,Luxembourg,Latvia,Libya,Morocco,Monaco,Moldova,Montenegro,Saint Martin,North Macedonia,Mali,Myanmar,Mongolia,Mauritania,Malawi,Mexico,Malaysia,Mozambique,Namibia,Niger,Nigeria,Nicaragua,Netherlands,Norway,Nepal,Oman,Panama,Peru,Papua New Guinea,Pakistan,Poland,Palestinian Territory,Portugal,Paraguay,Qatar,Romania,Serbia,Russia,Rwanda,Saudi Arabia,Sudan,South Sudan,Sweden,Slovenia,Slovakia,Sierra Leone,San Marino,Senegal,Somalia,Suriname,El Salvador,Sint Maarten,Syria,Eswatini,Chad,Togo,Thailand,Tajikistan,Timor Leste,Turkmenistan,Tunisia,Turkey,Tanzania,Ukraine,Uganda,United States,Uruguay,Uzbekistan,Vatican,Venezuela,Vietnam,Yemen,South Africa,Zambia,Zimbabwe,Serbia and Montenegro
Andorra,-1,578,968,253,594,726,-1,440,797,275,1168,475,670,297,725,798,1280,-1,-1,1309,784,586,-1,-1,767,757,766,340,802,-1,732,1754,-1,-1,-1,433,711,754,556,-1,216,-1,493,597,721,777,494,865,505,708,675,-1,708,-1,682,460,610,789,621,278,-1,629,-1,-1,302,-1,371,1480,-1,532,1134,551,719,453,463,857,964,1460,1874,1594,268,546,1042,1592,442,271,698,762,549,433,453,369,595,249,441,291,-1,273,858,1486,1522,793,785,-1,1325,913,820,803,750,-1,375,407,1251,622,-1,-1,1505,1027,605,526,497,-1,546,398,309,742,712,571,840,853,364,369,342,673,300,715,892,-1,-1,-1,455,820,722,671,1386,927,1341,795,243,438,801,594,801,-1,-1,911,301,-1,1593,579,803,871,815,306
United Arab Emirates,578,-1,453,739,492,723,-1,605,453,651,608,644,859,871,512,836,757,-1,-1,589,624,651,-1,-1,756,738,756,603,829,-1,731,1194,-1,-1,-1,636,662,264,605,-1,840,-1,752,591,956,317,704,397,761,655,690,-1,526,-1,773,644,832,920,674,814,-1,829,-1,-1,693,-1,670,970,-1,681,463,689,425,537,993,488,459,786,1130,987,607,417,659,839,527,584,801,600,687,624,724,821,850,527,562,630,-1,719,951,720,877,1037,533,-1,699,672,731,933,750,-1,645,861,518,435,-1,-1,1072,520,695,690,678,-1,150,676,759,746,491,775,496,544,684,611,598,818,484,941,380,-1,-1,-1,673,615,726,751,710,414,854,385,734,880,493,589,508,-1,-1,464,478,-1,878,777,623,655,591,761
Afghanistan,968,453,-1,1086,1132,843,-1,914,912,887,791,1084,935,1347,656,932,1147,-1,-1,1049,726,1273,-1,-1,885,883,885,1050,906,-1,854,4184,-1,-1,-1,1178,1197,457,972,-1,838,-1,1413,717,962,528,1049,599,1419,1118,805,-1,757,-1,864,942,879,974,787,1354,-1,879,-1,-1,922,-1,1092,1521,-1,791,501,1145,1623,823,1032,650,519,1473,2497,1712,844,693,926,1892,772,848,869,692,1348,1062,1395,854,973,885,907,875,-1,1051,1007,1558,1725,1057,654,-1,1208,772,838,1011,857,-1,1073,1672,856,397,-1,-1,1586,370,1423,793,971,-1,496,954,1066,1685,637,809,702,725,1149,944,1129,879,701,977,545,-1,-1,-1,1008,712,854,845,1299,450,1268,1040,751,1627,634,1193,671,-1,-1,753,706,-1,1942,840,722,779,706,1069
Albania,253,739,1086,-1,694,621,-1,270,840,152,1120,318,477,163,560,527,1120,-1,-1,1071,666,382,-1,-1,634,584,633,292,506,-1,528,1539,-1,-1,-1,264,333,500,336,-1,219,-1,408,324,424,488,329,576,425,320,516,-1,692,-1,492,322,468,535,478,500,-1,474,-1,-1,293,-1,344,1326,-1,433,1065,780,935,153,442,627,742,1252,1676,1428,185,715,807,1353,401,261,492,655,307,281,352,184,353,175,319,132,-1,153,521,1243,1314,533,628,-1,1137,756,708,503,471,-1,333,432,1009,818,-1,-1,1378,1177,303,339,353,-1,683,309,391,515,544,775,517,601,334,225,262,488,134,516,630,-1,-1,-1,564,689,467,479,1177,827,1195,826,138,556,611,436,590,-1,-1,816,123,-1,1362,777,679,704,665,389
Armenia,594,492,1132,694,-1,788,-1,480,452,548,1160,661,778,894,632,799,1143,-1,-1,1088,743,646,-1,-1,822,790,822,611,771,-1,744,1984,-1,-1,-1,646,682,452,580,-1,600,-1,849,411,777,467,674,583,868,687,707,-1,170,-1,735,619,734,830,674,905,-1,737,-1,-1,598,-1,547,1409,-1,417,1081,381,782,447,398,665,628,1336,2237,1721,491,412,801,1512,354,483,738,717,718,633,792,580,650,512,368,530,-1,647,850,1345,1645,891,677,-1,1173,825,834,845,718,-1,657,1067,994,565,-1,-1,1469,1315,746,308,649,-1,444,528,678,902,611,578,592,687,705,502,587,743,381,824,603,-1,-1,-1,519,749,707,716,1231,697,1233,612,499,994,651,526,653,-1,-1,696,383,-1,1531,730,749,797,730,682
Angola,726,723,843,621,788,-1,-1,632,827,585,828,740,571,724,941,516,813,-1,-1,831,1104,709,-1,-1,548,787,551,689,447,-1,708,1175,-1,-1,-1,652,755,1001,715,-1,1031,-1,763,1178,816,973,817,1149,771,809,551,-1,806,-1,363,668,587,601,492,661,-1,560,-1,-1,605,-1,626,923,-1,1013,801,815,793,624,852,913,766,866,1256,1154,575,704,866,931,879,620,450,903,712,723,735,1154,865,649,637,570,-1,632,668,873,1100,729,1155,-1,761,1393,1575,690,692,-1,682,762,794,761,-1,-1,969,874,680,1017,718,-1,701,670,664,833,1005,740,1146,1268,687,607,574,501,584,711,939,-1,-1,-1,880,902,775,425,829,777,819,775,1012,823,1250,677,1185,-1,-1,796,561,-1,966,535,1225,1790,1084,664
Argentina,-1,-1,-1,-1,-1,-1,-1,-1,-1,-1,-1,-1,-1,-1,-1,-1,-1,1851,2336,-1,-1,-1,822,903,-1,-1,-1,-1,-1,1134,-1,-1,2319,1405,687,-1,-1,-1,-1,-1,-1,1447,-1,-1,-1,-1,-1,-1,-1,-1,-1,-1,-1,2211,-1,-1,-1,-1,-1,-1,916,-1,2291,1031,-1,-1,-1,-1,-1,-1,-1,-1,-1,-1,-1,-1,-1,-1,-1,-1,-1,-1,-1,-1,-1,-1,-1,-1,-1,-1,-1,-1,-1,-1,-1,-1,-1,-1,-1,-1,-1,-1,-1,921,-1,-1,-1,-1,-1,1190,-1,-1,-1,-1,1770,1563,-1,-1,-1,-1,-1,1036,-1,-1,-1,-1,-1,-1,-1,-1,-1,-1,-1,-1,-1,-1,-1,2243,893,-1,-1,-1,-1,-1,-1,-1,-1,-1,-1,-1,-1,-1,-1,928,208,-1,-1,2536,-1,-1,-1,-1,-1,-1
Austria,440,605,914,270,480,632,-1,-1,695,169,1152,458,615,272,585,686,1279,-1,-1,1315,677,350,-1,-1,646,607,646,685,717,-1,616,1869,-1,-1,-1,252,524,529,435,-1,334,-1,340,340,692,523,604,603,360,518,593,-1,585,-1,622,556,613,732,553,320,-1,625,-1,-1,133,-1,214,1501,-1,403,1114,572,636,765,407,647,895,1492,2025,1659,240,568,973,1653,374,527,663,665,316,383,275,286,622,284,314,226,-1,265,757,1529,1580,740,645,-1,1343,761,712,677,631,-1,469,338,1248,656,-1,-1,1526,982,278,339,575,-1,568,428,245,557,571,621,558,627,248,278,55,651,281,691,646,-1,-1,-1,465,698,571,610,1408,858,1348,711,227,401,631,528,614,-1,-1,834,382,-1,1651,660,689,714,678,240
Azerbaijan,797,453,912,840,452,827,-1,695,-1,653,1050,916,840,1109,659,857,1260,-1,-1,1302,761,1095,-1,-1,867,844,867,862,825,-1,796,2764,-1,-1,-1,983,1021,465,800,-1,674,-1,1374,509,842,494,894,607,1396,954,752,-1,447,-1,787,795,784,886,721,1131,-1,787,-1,-1,699,-1,858,1570,-1,540,938,461,536,623,519,685,691,1561,3149,2156,598,410,1024,1867,487,658,787,732,1208,885,1306,671,832,698,613,638,-1,792,913,1647,2268,956,693,-1,1325,839,861,917,775,-1,908,1728,1178,507,-1,-1,1615,1094,1278,402,829,-1,420,665,815,1930,637,589,643,723,1018,728,909,792,514,881,609,-1,-1,-1,711,763,770,767,1431,546,1347,393,574,1445,669,935,681,-1,-1,546,519,-1,1891,746,765,820,747,819
Bosnia and Herzegovina,275,651,887,152,548,585,-1,169,653,-1,972,262,441,210,534,490,1129,-1,-1,1082,635,332,-1,-1,593,546,593,230,523,-1,497,1526,-1,-1,-1,188,258,477,276,-1,216,-1,357,317,482,464,371,542,373,337,489,-1,541,-1,461,365,473,545,454,263,-1,481,-1,-1,289,-1,204,1332,-1,398,904,633,736,176,404,591,744,1264,1658,1413,130,614,797,1365,368,195,503,627,260,226,302,185,405,176,296,172,-1,161,535,1257,1298,537,599,-1,1153,715,668,462,444,-1,275,372,1022,714,-1,-1,1379,958,237,325,393,-1,605,310,196,475,520,668,486,563,286,195,162,497,119,520,593,-1,-1,-1,482,656,441,450,1190,700,1204,679,130,425,580,391,558,-1,-1,686,132,-1,1370,694,647,663,631,186
Bangladesh,1168,608,791,1120,1160,828,-1,1152,1050,972,-1,1287,965,1283,659,949,840,-1,-1,209,675,1519,-1,-1,869,885,869,1266,935,-1,870,1512,-1,-1,-1,1406,1415,516,1183,-1,916,-1,1597,836,1118,605,1237,635,1597,1319,824,-1,1161,-1,893,1121,923,999,817,1286,-1,922,-1,-1,1161,-1,1343,1310,-1,908,1421,1146,1322,1045,1076,641,856,682,1244,949,942,849,1148,712,901,1062,905,637,1573,1271,1597,934,1149,1096,1195,964,-1,1096,1028,742,1018,1078,619,-1,861,692,786,1027,889,-1,1275,1794,334,540,-1,-1,1436,1006,1640,911,1146,-1,654,1237,1105,1849,646,883,761,736,1352,1180,1371,917,909,1009,540,-1,-1,-1,1067,649,889,878,768,873,1047,854,848,1407,617,1472,674,-1,-1,690,914,-1,540,819,665,729,659,1107
Belgium,475,644,1084,318,661,740,-1,458,916,262,1287,-1,716,340,718,819,1375,-1,-1,1474,784,555,-1,-1,775,759,774,244,827,-1,750,1995,-1,-1,-1,359,651,699,383,-1,391,-1,400,535,755,715,658,801,413,263,701,-1,808,-1,719,603,651,812,654,348,-1,669,-1,-1,256,-1,377,1589,-1,471,1284,629,817,586,475,818,1044,1624,2133,1745,313,618,1135,1808,448,186,733,763,489,187,364,424,692,412,458,294,-1,326,876,1690,1703,811,773,-1,1464,894,822,828,773,-1,174,271,1411,689,-1,-1,1589,1150,581,465,571,-1,612,443,343,753,704,661,775,813,256,306,323,709,326,743,829,-1,-1,-1,537,813,733,709,1543,1022,1433,885,325,503,777,613,775,-1,-1,992,390,-1,1798,684,800,855,804,341
Burkina Faso,670,859,935,477,778,571,-1,615,840,441,965,716,-1,589,766,793,980,-1,-1,950,723,662,-1,-1,655,792,653,654,739,-1,572,1265,-1,-1,-1,632,774,972,708,-1,1371,-1,628,1300,680,1095,778,1104,636,812,448,-1,790,-1,766,532,545,683,370,540,-1,510,-1,-1,507,-1,542,1125,-1,1081,919,866,840,590,879,899,795,1044,1347,1231,445,776,862,1105,887,570,608,695,655,698,600,1361,819,596,530,432,-1,495,704,1034,1147,837,810,-1,948,937,727,414,525,-1,639,597,907,919,-1,-1,1185,980,694,1081,602,-1,819,552,520,734,766,873,1231,933,545,575,541,451,535,871,1058,-1,-1,-1,898,793,901,752,996,828,1017,817,983,757,921,641,798,-1,-1,834,506,-1,1127,715,757,899,815,519
Bulgaria,297,871,1347,163,894,724,-1,272,1109,210,1283,340,589,-1,642,642,1222,-1,-1,1223,746,431,-1,-1,752,711,752,334,608,-1,636,1842,-1,-1,-1,266,330,563,327,-1,308,-1,466,392,530,563,376,670,486,352,610,-1,886,-1,590,365,556,643,568,524,-1,563,-1,-1,340,-1,315,1452,-1,534,1257,1057,1266,224,543,722,825,1410,2014,1649,88,884,927,1562,480,298,582,725,335,305,396,281,398,215,324,167,-1,174,641,1432,1562,656,707,-1,1260,851,806,637,576,-1,349,524,1150,966,-1,-1,1495,1468,358,390,394,-1,804,296,329,592,623,978,626,712,376,264,258,578,178,621,715,-1,-1,-1,762,768,580,574,1323,956,1294,1001,216,855,694,511,683,-1,-1,940,179,-1,1572,950,759,806,749,339
Burundi,725,512,656,560,632,941,-1,585,659,534,659,718,766,642,-1,633,682,-1,-1,663,596,633,-1,-1,1564,738,784,663,668,-1,713,999,-1,-1,-1,609,708,562,672,-1,1042,-1,697,925,946,580,843,573,705,793,751,-1,653,-1,572,708,772,830,605,576,-1,750,-1,-1,560,-1,572,800,-1,787,621,622,612,588,661,429,621,710,1079,991,516,516,723,760,695,592,655,719,644,697,670,1090,935,628,558,517,-1,565,899,702,936,918,635,-1,621,1262,835,885,697,-1,659,720,627,543,-1,-1,866,683,621,794,763,-1,496,589,601,732,174,517,708,470,638,566,530,701,550,922,624,-1,-1,-1,691,849,777,550,672,616,709,607,974,686,773,596,270,-1,-1,638,529,-1,795,318,826,669,536,601
Benin,798,836,932,527,799,516,-1,686,857,490,949,819,793,642,633,-1,954,-1,-1,939,712,717,-1,-1,462,593,614,751,437,-1,514,1280,-1,-1,-1,707,866,897,789,-1,1676,-1,685,1323,944,1020,952,998,693,939,338,-1,814,-1,165,676,559,610,248,583,-1,521,-1,-1,567,-1,600,1093,-1,1098,907,871,846,673,891,779,805,1018,1366,1247,489,768,886,1084,908,650,495,681,714,798,655,1560,1066,691,571,478,-1,543,674,1014,1169,797,686,-1,915,805,716,779,606,-1,727,662,896,894,-1,-1,1151,975,763,1099,751,-1,799,597,573,784,637,851,1138,803,600,647,602,441,608,791,953,-1,-1,-1,916,680,749,161,971,832,981,824,1147,796,787,689,679,-1,-1,843,577,-1,1111,667,752,745,687,572
Brunei,1280,757,1147,1120,1143,813,-1,1279,1260,1129,840,1375,980,1222,682,954,-1,-1,-1,733,633,1556,-1,-1,855,890,856,1365,1020,-1,882,970,-1,-1,-1,1477,1479,609,1291,-1,1054,-1,1592,913,1220,697,1335,701,1589,1402,838,-1,1334,-1,909,1233,1021,1086,840,1223,-1,1018,-1,-1,1289,-1,1436,958,-1,972,1192,1130,1219,1186,1086,670,1156,442,786,636,1106,939,1303,657,970,1196,991,590,1590,1366,1600,982,1255,1225,1331,1123,-1,1104,1119,873,965,1172,613,-1,1483,632,735,1028,910,-1,1364,1720,805,709,-1,-1,1303,1074,1641,975,1251,-1,790,1362,1247,1753,676,948,823,769,1418,1302,1455,1007,1062,1103,595,-1,-1,-1,1082,602,914,897,932,1192,632,1129,915,1284,634,1532,705,-1,-1,1011,1067,-1,509,861,620,700,635,1249
Bolivia,-1,-1,-1,-1,-1,-1,1851,-1,-1,-1,-1,-1,-1,-1,-1,-1,-1,-1,1880,-1,-1,-1,596,721,-1,-1,-1,-1,-1,1682,-1,-1,1394,953,502,-1,-1,-1,-1,-1,-1,1268,-1,-1,-1,-1,-1,-1,-1,-1,-1,-1,-1,1504,-1,-1,-1,-1,-1,-1,662,-1,1481,730,-1,-1,-1,-1,-1,-1,-1,-1,-1,-1,-1,-1,-1,-1,-1,-1,-1,-1,-1,-1,-1,-1,-1,-1,-1,-1,-1,-1,-1,-1,-1,-1,-1,-1,-1,-1,-1,-1,-1,704,-1,-1,-1,-1,-1,829,-1,-1,-1,-1,1157,1480,-1,-1,-1,-1,-1,1045,-1,-1,-1,-1,-1,-1,-1,-1,-1,-1,-1,-1,-1,-1,-1,1482,638,-1,-1,-1,-1,-1,-1,-1,-1,-1,-1,-1,-1,-1,-1,725,985,-1,-1,1636,-1,-1,-1,-1,-1,-1
Brazil,-1,-1,-1,-1,-1,-1,2336,-1,-1,-1,-1,-1,-1,-1,-1,-1,-1,1880,-1,-1,-1,-1,826,815,-1,-1,-1,-1,-1,1504,-1,-1,3662,1633,634,-1,-1,-1,-1,-1,-1,1890,-1,-1,-1,-1,-1,-1,-1,-1,-1,-1,-1,2344,-1,-1,-1,-1,-1,-1,961,-1,2744,1088,-1,-1,-1,-1,-1,-1,-1,-1,-1,-1,-1,-1,-1,-1,-1,-1,-1,-1,-1,-1,-1,-1,-1,-1,-1,-1,-1,-1,-1,-1,-1,-1,-1,-1,-1,-1,-1,-1,-1,975,-1,-1,-1,-1,-1,1309,-1,-1,-1,-1,2217,3174,-1,-1,-1,-1,-1,1460,-1,-1,-1,-1,-1,-1,-1,-1,-1,-1,-1,-1,-1,-1,-1,2522,932,-1,-1,-1,-1,-1,-1,-1,-1,-1,-1,-1,-1,-1,-1,846,2274,-1,-1,3586,-1,-1,-1,-1,-1,-1
Bhutan,1309,589,1049,1071,1088,831,-1,1315,1302,1082,209,1474,950,1223,663,939,733,-1,-1,-1,687,1905,-1,-1,869,880,869,1452,1014,-1,864,2822,-1,-1,-1,1672,1681,514,1346,-1,994,-1,2001,806,1224,598,1391,634,2001,1514,820,-1,1449,-1,883,1239,988,1082,810,1231,-1,988,-1,-1,1329,-1,1597,1102,-1,872,1226,1090,1238,1168,1033,647,1091,792,1786,1218,1048,813,1520,848,863,1184,973,651,1976,1456,2006,903,1271,1226,1413,1075,-1,1046,1123,540,1360,1173,630,-1,745,708,796,1010,878,-1,1458,2264,213,524,-1,-1,1237,864,2069,874,1264,-1,632,1468,1263,2586,650,857,751,735,1595,1351,1631,985,994,1088,548,-1,-1,-1,1021,664,876,867,630,1147,926,1044,817,1337,625,1847,678,-1,-1,803,1002,-1,896,814,679,740,671,1266
Botswana,784,624,726,666,743,1104,-1,677,761,635,675,784,723,746,596,712,633,-1,-1,687,-1,724,-1,-1,840,827,842,740,606,-1,879,980,-1,-1,-1,696,785,737,749,-1,1030,-1,776,1013,888,774,870,795,783,847,822,-1,759,-1,547,748,694,715,729,693,-1,672,-1,-1,655,-1,668,707,-1,903,671,745,719,681,794,710,691,675,1042,967,622,642,792,735,819,676,583,269,732,768,753,1085,920,709,661,621,-1,672,790,696,947,819,480,-1,581,342,929,825,846,-1,731,789,662,639,-1,-1,742,741,710,908,790,-1,617,695,701,816,637,655,902,830,718,659,623,623,643,801,724,-1,-1,-1,816,278,847,618,652,692,622,701,999,798,766,694,713,-1,-1,713,624,-1,770,472,259,526,924,701
Belarus,586,651,1273,382,646,709,-1,350,1095,332,1519,555,662,431,633,717,1556,-1,-1,1905,724,-1,-1,-1,728,694,728,556,753,-1,638,3217,-1,-1,-1,524,507,540,346,-1,453,-1,332,441,750,545,705,631,368,629,617,-1,907,-1,660,652,661,772,583,449,-1,672,-1,-1,420,-1,483,1842,-1,501,1604,651,896,444,500,684,1185,2022,3526,2414,338,628,1445,2459,456,382,704,708,227,534,442,374,705,474,378,359,-1,353,796,2265,2637,784,684,-1,1725,804,775,719,663,-1,526,634,1804,698,-1,-1,1816,1378,530,411,658,-1,616,529,385,626,618,716,608,679,294,439,507,694,320,736,660,-1,-1,-1,585,740,597,648,1901,1159,1605,960,336,527,668,402,660,-1,-1,1104,355,-1,2442,776,734,767,722,387
Belize,-1,-1,-1,-1,-1,-1,822,-1,-1,-1,-1,-1,-1,-1,-1,-1,-1,596,826,-1,-1,-1,-1,1117,-1,-1,-1,-1,-1,741,-1,-1,354,238,311,-1,-1,-1,-1,-1,-1,319,-1,-1,-1,-1,-1,-1,-1,-1,-1,-1,-1,524,-1,-1,-1,-1,-1,-1,345,-1,440,193,-1,-1,-1,-1,-1,-1,-1,-1,-1,-1,-1,-1,-1,-1,-1,-1,-1,-1,-1,-1,-1,-1,-1,-1,-1,-1,-1,-1,-1,-1,-1,-1,-1,-1,-1,-1,-1,-1,-1,1121,-1,-1,-1,-1,-1,208,-1,-1,-1,-1,271,498,-1,-1,-1,-1,-1,723,-1,-1,-1,-1,-1,-1,-1,-1,-1,-1,-1,-1,-1,-1,-1,483,197,-1,-1,-1,-1,-1,-1,-1,-1,-1,-1,-1,-1,-1,-1,1327,840,-1,-1,353,-1,-1,-1,-1,-1,-1
Canada,-1,-1,-1,-1,-1,-1,903,-1,-1,-1,-1,-1,-1,-1,-1,-1,-1,721,815,-1,-1,-1,1117,-1,-1,-1,-1,-1,-1,874,-1,-1,565,669,1272,-1,-1,-1,-1,-1,-1,562,-1,-1,-1,-1,-1,-1,-1,-1,-1,-1,-1,502,-1,-1,-1,-1,-1,-1,1229,-1,460,909,-1,-1,-1,-1,-1,-1,-1,-1,-1,-1,-1,-1,-1,-1,-1,-1,-1,-1,-1,-1,-1,-1,-1,-1,-1,-1,-1,-1,-1,-1,-1,-1,-1,-1,-1,-1,-1,-1,-1,1800,-1,-1,-1,-1,-1,764,-1,-1,-1,-1,579,707,-1,-1,-1,-1,-1,804,-1,-1,-1,-1,-1,-1,-1,-1,-1,-1,-1,-1,-1,-1,-1,481,935,-1,-1,-1,-1,-1,-1,-1,-1,-1,-1,-1,-1,-1,-1,733,911,-1,-1,439,-1,-1,-1,-1,-1,-1
Democratic Republic of the Congo,767,756,885,634,822,548,-1,646,867,593,869,775,655,752,1564,462,855,-1,-1,869,840,728,-1,-1,-1,1028,7,716,519,-1,499,1251,-1,-1,-1,669,787,1183,739,-1,1181,-1,790,1388,927,1130,886,1495,800,860,417,-1,843,-1,408,709,672,712,383,680,-1,643,-1,-1,617,-1,639,981,-1,1129,839,861,830,640,913,1207,791,915,1341,1220,581,729,902,987,946,636,521,762,733,755,759,1375,968,672,649,577,-1,645,797,922,1164,846,1145,-1,803,1510,1014,818,572,-1,706,792,828,802,-1,-1,1034,921,698,1135,769,-1,728,688,683,870,1660,778,1453,2075,706,620,581,579,594,836,1137,-1,-1,-1,947,987,909,389,873,806,869,806,1145,869,2274,693,1987,-1,-1,826,569,-1,1024,545,913,1876,1137,683
Central African Republic,757,738,883,584,790,787,-1,607,844,546,885,759,792,711,738,593,890,-1,-1,880,827,694,-1,-1,1028,-1,1024,690,663,-1,782,1295,-1,-1,-1,634,765,941,714,-1,1306,-1,766,1569,1051,1269,914,1145,776,860,552,-1,814,-1,521,714,797,901,543,626,-1,769,-1,-1,574,-1,597,1037,-1,1165,841,834,805,599,887,1063,773,952,1397,1257,530,692,889,1026,926,602,651,769,701,735,731,1602,1050,641,603,526,-1,596,1019,950,1190,1012,879,-1,839,1227,995,1034,663,-1,683,774,833,798,-1,-1,1102,927,663,1172,786,-1,702,642,640,849,729,751,1969,1448,677,579,539,709,552,1026,996,-1,-1,-1,928,914,937,482,903,790,920,783,1229,837,1120,653,811,-1,-1,810,524,-1,1062,509,873,1219,938,640
Republic of the Congo,766,756,885,633,822,551,-1,646,867,593,869,774,653,752,784,614,856,-1,-1,869,842,728,-1,-1,7,1024,-1,715,518,-1,991,1251,-1,-1,-1,669,786,887,738,-1,1179,-1,790,1387,926,1130,885,997,799,859,827,-1,843,-1,407,708,671,711,571,679,-1,642,-1,-1,616,-1,638,981,-1,1128,839,861,830,639,913,806,791,915,1341,1220,581,729,902,988,945,635,520,764,733,754,759,1373,966,671,648,576,-1,645,795,922,1164,845,766,-1,804,1009,1017,815,854,-1,705,791,828,802,-1,-1,1034,921,698,1134,768,-1,728,687,682,870,831,778,1453,1038,705,619,581,577,594,834,854,-1,-1,-1,946,742,906,484,874,806,869,806,1144,868,1139,693,995,-1,-1,826,568,-1,1024,545,915,942,760,682
Switzerland,340,603,1050,292,611,689,-1,685,862,230,1266,244,654,334,663,751,1365,-1,-1,1452,740,556,-1,-1,716,690,715,-1,768,-1,684,2023,-1,-1,-1,310,752,643,517,-1,296,-1,449,462,711,650,576,734,465,436,645,-1,751,-1,663,534,619,767,598,332,-1,635,-1,-1,222,-1,439,1586,-1,414,1250,575,765,689,419,757,1031,1606,2172,1776,295,570,1137,1790,394,158,689,723,505,155,397,326,623,178,405,265,-1,309,813,1666,1732,770,724,-1,1439,846,775,747,699,-1,315,364,1385,650,-1,-1,1598,1119,570,408,543,-1,569,491,345,764,650,608,696,744,309,275,369,670,257,709,771,-1,-1,-1,474,768,654,651,1522,995,1424,845,229,437,723,578,714,-1,-1,971,343,-1,1787,630,756,801,755,341
Ivory Coast,802,829,906,506,771,447,-1,717,825,523,935,827,739,608,668,437,1020,-1,-1,1014,606,753,-1,-1,519,663,518,768,-1,-1,472,1346,-1,-1,-1,733,891,890,806,-1,1712,-1,707,1150,800,982,931,971,715,943,356,-1,782,-1,577,649,479,975,318,565,-1,631,-1,-1,597,-1,633,1160,-1,1005,892,841,822,710,849,793,867,1094,1429,1304,474,762,943,1165,858,669,613,590,746,810,680,1153,1005,712,612,514,-1,522,711,1094,1229,852,698,-1,987,780,580,548,476,-1,733,671,972,880,-1,-1,1213,946,797,1005,710,-1,795,573,543,826,673,838,1058,817,615,678,631,450,637,795,939,-1,-1,-1,866,671,768,360,1047,815,1043,805,1224,754,796,733,710,-1,-1,822,609,-1,1190,689,638,740,690,542
Chile,-1,-1,-1,-1,-1,-1,1134,-1,-1,-1,-1,-1,-1,-1,-1,-1,-1,1682,1504,-1,-1,-1,741,874,-1,-1,-1,-1,-1,-1,-1,-1,2112,1251,638,-1,-1,-1,-1,-1,-1,1883,-1,-1,-1,-1,-1,-1,-1,-1,-1,-1,-1,1555,-1,-1,-1,-1,-1,-1,817,-1,1548,924,-1,-1,-1,-1,-1,-1,-1,-1,-1,-1,-1,-1,-1,-1,-1,-1,-1,-1,-1,-1,-1,-1,-1,-1,-1,-1,-1,-1,-1,-1,-1,-1,-1,-1,-1,-1,-1,-1,-1,823,-1,-1,-1,-1,-1,1062,-1,-1,-1,-1,1595,2454,-1,-1,-1,-1,-1,775,-1,-1,-1,-1,-1,-1,-1,-1,-1,-1,-1,-1,-1,-1,-1,1547,796,-1,-1,-1,-1,-1,-1,-1,-1,-1,-1,-1,-1,-1,-1,892,670,-1,-1,1626,-1,-1,-1,-1,-1,-1
Cameroon,732,731,854,528,744,708,-1,616,796,497,870,750,572,636,713,514,882,-1,-1,864,879,638,-1,-1,499,782,991,684,472,-1,-1,1221,-1,-1,-1,641,770,897,718,-1,1248,-1,696,1188,920,1086,865,1021,705,843,448,-1,762,-1,328,661,652,714,304,568,-1,622,-1,-1,518,-1,543,1017,-1,990,826,786,771,601,804,957,754,936,1310,1195,489,681,845,1000,829,599,497,809,641,727,665,1609,960,633,562,482,-1,542,785,930,1121,845,788,-1,834,1001,995,743,727,-1,676,690,822,785,-1,-1,1078,894,679,993,731,-1,698,589,577,775,720,735,1320,1115,617,585,548,557,554,848,941,-1,-1,-1,834,790,991,389,891,770,909,758,1216,755,970,606,791,-1,-1,785,526,-1,1031,543,934,940,804,577
China,1754,1194,4184,1539,1984,1175,-1,1869,2764,1526,1512,1995,1265,1842,999,1280,970,-1,-1,2822,980,3217,-1,-1,1251,1295,1251,2023,1346,-1,1221,-1,-1,-1,-1,2491,2459,862,1804,-1,1304,-1,3190,1259,1562,984,1848,1039,3169,2059,1142,-1,2930,-1,1182,1615,1236,1390,1123,1908,-1,1243,-1,-1,1914,-1,2452,1240,-1,1426,3781,2103,2807,1629,1767,1023,3474,1668,811,477,1503,1557,3661,2770,1398,1592,1257,918,3289,1994,3266,1248,1660,1666,2250,1532,-1,1508,1480,2955,1169,1489,943,-1,1444,1029,1123,1378,1215,-1,1960,3521,3157,1133,-1,-1,1264,3888,3479,1425,1615,-1,1232,2359,1858,5808,983,1653,1199,1153,2241,1933,2479,1257,1334,1367,917,-1,-1,-1,1736,954,1262,1166,1644,4063,1089,2472,1082,2283,965,3233,1051,-1,-1,1970,1357,-1,2320,1496,971,1093,988,1860
Colombia,-1,-1,-1,-1,-1,-1,2319,-1,-1,-1,-1,-1,-1,-1,-1,-1,-1,1394,3662,-1,-1,-1,354,565,-1,-1,-1,-1,-1,2112,-1,-1,-1,625,279,-1,-1,-1,-1,-1,-1,726,-1,-1,-1,-1,-1,-1,-1,-1,-1,-1,-1,1206,-1,-1,-1,-1,-1,-1,423,-1,889,445,-1,-1,-1,-1,-1,-1,-1,-1,-1,-1,-1,-1,-1,-1,-1,-1,-1,-1,-1,-1,-1,-1,-1,-1,-1,-1,-1,-1,-1,-1,-1,-1,-1,-1,-1,-1,-1,-1,-1,529,-1,-1,-1,-1,-1,526,-1,-1,-1,-1,773,1871,-1,-1,-1,-1,-1,1876,-1,-1,-1,-1,-1,-1,-1,-1,-1,-1,-1,-1,-1,-1,-1,1049,388,-1,-1,-1,-1,-1,-1,-1,-1,-1,-1,-1,-1,-1,-1,544,2378,-1,-1,1025,-1,-1,-1,-1,-1,-1
Costa Rica,-1,-1,-1,-1,-1,-1,1405,-1,-1,-1,-1,-1,-1,-1,-1,-1,-1,953,1633,-1,-1,-1,238,669,-1,-1,-1,-1,-1,1251,-1,-1,625,-1,245,-1,-1,-1,-1,-1,-1,426,-1,-1,-1,-1,-1,-1,-1,-1,-1,-1,-1,886,-1,-1,-1,-1,-1,-1,290,-1,718,286,-1,-1,-1,-1,-1,-1,-1,-1,-1,-1,-1,-1,-1,-1,-1,-1,-1,-1,-1,-1,-1,-1,-1,-1,-1,-1,-1,-1,-1,-1,-1,-1,-1,-1,-1,-1,-1,-1,-1,482,-1,-1,-1,-1,-1,342,-1,-1,-1,-1,510,851,-1,-1,-1,-1,-1,1209,-1,-1,-1,-1,-1,-1,-1,-1,-1,-1,-1,-1,-1,-1,-1,804,231,-1,-1,-1,-1,-1,-1,-1,-1,-1,-1,-1,-1,-1,-1,656,1441,-1,-1,627,-1,-1,-1,-1,-1,-1
Cuba,-1,-1,-1,-1,-1,-1,687,-1,-1,-1,-1,-1,-1,-1,-1,-1,-1,502,634,-1,-1,-1,311,1272,-1,-1,-1,-1,-1,638,-1,-1,279,245,-1,-1,-1,-1,-1,-1,-1,290,-1,-1,-1,-1,-1,-1,-1,-1,-1,-1,-1,380,-1,-1,-1,-1,-1,-1,424,-1,315,280,-1,-1,-1,-1,-1,-1,-1,-1,-1,-1,-1,-1,-1,-1,-1,-1,-1,-1,-1,-1,-1,-1,-1,-1,-1,-1,-1,-1,-1,-1,-1,-1,-1,-1,-1,-1,-1,-1,-1,893,-1,-1,-1,-1,-1,256,-1,-1,-1,-1,228,437,-1,-1,-1,-1,-1,598,-1,-1,-1,-1,-1,-1,-1,-1,-1,-1,-1,-1,-1,-1,-1,348,317,-1,-1,-1,-1,-1,-1,-1,-1,-1,-1,-1,-1,-1,-1,1818,699,-1,-1,239,-1,-1,-1,-1,-1,-1
Czechia,433,636,1178,264,646,652,-1,252,983,188,1406,359,632,266,609,707,1477,-1,-1,1672,696,524,-1,-1,669,634,669,310,733,-1,641,2491,-1,-1,-1,-1,279,556,317,-1,347,-1,410,376,692,555,591,634,434,442,614,-1,838,-1,640,555,617,741,573,307,-1,630,-1,-1,163,-1,222,1726,-1,444,1428,615,842,461,447,675,1140,1813,2692,2067,243,605,1311,2092,414,243,673,683,448,299,331,318,622,294,371,231,-1,262,771,1941,2104,743,667,-1,1591,782,732,701,656,-1,355,372,1591,686,-1,-1,1720,1262,518,374,561,-1,600,360,247,836,595,660,594,658,263,224,291,659,233,695,674,-1,-1,-1,513,718,601,628,1713,1103,1529,927,252,458,656,573,642,-1,-1,1070,307,-1,2085,695,709,738,699,244
Germany,711,662,1197,333,682,755,-1,524,1021,258,1415,651,774,330,708,866,1479,-1,-1,1681,785,507,-1,-1,787,765,786,752,891,-1,770,2459,-1,-1,-1,279,-1,657,356,-1,481,-1,348,481,894,671,935,763,369,878,723,-1,880,-1,764,780,726,893,677,360,-1,742,-1,-1,256,-1,344,1723,-1,483,1447,653,877,591,486,794,1143,1819,2651,2037,310,636,1298,2097,452,329,796,763,411,602,282,435,870,536,421,300,-1,329,963,1950,2070,919,762,-1,1602,889,832,888,808,-1,577,279,1603,710,-1,-1,1711,1278,519,408,771,-1,627,432,333,807,692,695,738,791,203,361,276,778,318,833,790,-1,-1,-1,558,809,747,751,1722,1117,1531,952,352,510,760,604,756,-1,-1,1079,394,-1,2085,730,798,851,797,331
Djibouti,754,264,457,500,452,1001,-1,529,465,477,516,699,972,563,562,897,609,-1,-1,514,737,540,-1,-1,1183,941,887,643,890,-1,897,862,-1,-1,-1,556,657,-1,618,-1,1220,-1,614,795,1222,616,930,558,621,797,784,-1,477,-1,802,794,925,1036,777,500,-1,912,-1,-1,509,-1,508,751,-1,594,445,401,399,561,474,793,460,611,952,869,449,290,564,641,518,560,850,804,559,676,587,1287,1126,617,461,458,-1,496,1111,573,790,1275,752,-1,543,1077,945,1114,978,-1,629,665,473,300,-1,-1,838,487,547,604,851,-1,250,498,533,615,520,248,615,737,569,520,472,883,515,1093,1083,-1,-1,-1,505,878,1020,774,565,436,670,411,1080,549,709,495,569,-1,-1,462,498,-1,674,42,887,851,703,534
Denmark,556,605,972,336,580,715,-1,435,800,276,1183,383,708,327,672,789,1291,-1,-1,1346,749,346,-1,-1,739,714,738,517,806,-1,718,1804,-1,-1,-1,317,356,618,-1,-1,444,-1,209,458,756,626,691,708,221,514,681,-1,699,-1,709,640,664,801,640,356,-1,679,-1,-1,281,-1,338,1498,-1,455,1170,581,735,511,457,743,912,1516,1941,1592,315,577,956,1675,427,324,731,732,272,401,181,422,708,459,370,310,-1,330,849,1563,1512,802,724,-1,1380,840,789,794,741,-1,311,120,1288,645,-1,-1,1504,1034,336,393,620,-1,576,394,332,521,658,632,680,735,104,360,298,713,326,746,737,-1,-1,-1,511,771,691,698,1437,903,1357,783,351,460,718,443,711,-1,-1,868,383,-1,1660,675,761,801,757,331
Dominican Republic,-1,-1,-1,-1,-1,-1,-1,-1,-1,-1,-1,-1,-1,-1,-1,-1,-1,-1,-1,-1,-1,-1,-1,-1,-1,-1,-1,-1,-1,-1,-1,-1,-1,-1,-1,-1,-1,-1,-1,-1,-1,-1,-1,-1,-1,-1,-1,-1,-1,-1,-1,-1,-1,-1,-1,-1,-1,-1,-1,-1,-1,-1,-1,-1,-1,253,-1,-1,-1,-1,-1,-1,-1,-1,-1,-1,-1,-1,-1,-1,-1,-1,-1,-1,-1,-1,-1,-1,-1,-1,-1,-1,-1,-1,-1,-1,-1,-1,-1,-1,-1,-1,-1,-1,-1,-1,-1,-1,-1,-1,-1,-1,-1,-1,-1,-1,-1,-1,-1,-1,-1,-1,-1,-1,-1,-1,-1,-1,-1,-1,-1,-1,-1,-1,-1,-1,-1,-1,-1,-1,-1,-1,-1,-1,-1,-1,-1,-1,-1,-1,-1,-1,-1,-1,-1,-1,-1,-1,-1,-1,-1,-1,-1,-1
Algeria,216,840,838,219,600,1031,-1,334,674,216,916,391,1371,308,1042,1676,1054,-1,-1,994,1030,453,-1,-1,1181,1306,1179,296,1712,-1,1248,1304,-1,-1,-1,347,481,1220,444,-1,-1,-1,423,1357,1866,1421,357,1577,433,447,1020,-1,601,-1,1157,252,1080,1729,925,305,-1,1110,-1,-1,245,-1,295,1224,-1,999,854,752,716,247,763,1367,747,1142,1395,1245,209,705,785,1206,737,253,1218,968,435,361,390,1019,948,214,343,217,-1,240,2892,1123,1140,2787,1079,-1,1057,1267,1122,2577,1550,-1,347,375,947,910,-1,-1,1275,890,444,989,365,-1,791,302,244,556,1023,870,1869,1526,341,280,284,1180,224,1590,1448,-1,-1,-1,759,1082,1491,1132,1083,709,1121,689,635,523,1169,443,1263,-1,-1,701,197,-1,1213,808,1057,1270,1120,243
Ecuador,-1,-1,-1,-1,-1,-1,1447,-1,-1,-1,-1,-1,-1,-1,-1,-1,-1,1268,1890,-1,-1,-1,319,562,-1,-1,-1,-1,-1,1883,-1,-1,726,426,290,-1,-1,-1,-1,-1,-1,-1,-1,-1,-1,-1,-1,-1,-1,-1,-1,-1,-1,988,-1,-1,-1,-1,-1,-1,351,-1,796,370,-1,-1,-1,-1,-1,-1,-1,-1,-1,-1,-1,-1,-1,-1,-1,-1,-1,-1,-1,-1,-1,-1,-1,-1,-1,-1,-1,-1,-1,-1,-1,-1,-1,-1,-1,-1,-1,-1,-1,447,-1,-1,-1,-1,-1,403,-1,-1,-1,-1,511,1319,-1,-1,-1,-1,-1,1189,-1,-1,-1,-1,-1,-1,-1,-1,-1,-1,-1,-1,-1,-1,-1,892,323,-1,-1,-1,-1,-1,-1,-1,-1,-1,-1,-1,-1,-1,-1,541,1495,-1,-1,874,-1,-1,-1,-1,-1,-1
Estonia,493,752,1413,408,849,763,-1,340,1374,357,1597,400,628,466,697,685,1592,-1,-1,2001,776,332,-1,-1,790,766,790,449,707,-1,696,3190,-1,-1,-1,410,348,614,209,-1,423,-1,-1,550,658,628,579,714,41,465,668,-1,1205,-1,634,562,612,711,632,596,-1,624,-1,-1,406,-1,460,1861,-1,634,1736,811,1089,425,633,757,1274,2087,3466,2375,376,754,1517,2539,589,339,661,756,264,404,279,438,607,421,469,385,-1,390,731,2361,2605,704,743,-1,1793,862,828,678,641,-1,365,394,1914,795,-1,-1,1814,1508,417,522,552,-1,720,557,413,870,682,845,701,760,126,409,450,649,319,671,734,-1,-1,-1,751,793,664,624,1973,1286,1633,1125,340,748,733,532,732,-1,-1,1217,354,-1,2505,887,787,830,780,413
Egypt,597,591,717,324,411,1178,-1,340,509,317,836,535,1300,392,925,1323,913,-1,-1,806,1013,441,-1,-1,1388,1569,1387,462,1150,-1,1188,1259,-1,-1,-1,376,481,795,458,-1,1357,-1,550,-1,1443,904,839,1228,563,642,1003,-1,443,-1,1066,692,1046,1296,937,280,-1,1045,-1,-1,366,-1,367,1105,-1,426,739,431,495,355,247,1172,583,976,1388,1214,277,404,675,1039,292,380,1023,940,463,504,506,1743,1200,432,315,290,-1,318,1490,938,1095,1648,975,-1,884,1240,1203,1753,1130,-1,469,609,747,699,-1,-1,1184,790,433,428,760,-1,516,331,378,579,885,547,1606,1394,486,327,334,1041,323,1312,1146,-1,-1,-1,307,1039,1297,1027,909,592,991,528,1045,368,1009,377,1097,-1,-1,604,305,-1,1062,566,1030,1260,1059,380
Western Sahara,721,956,962,424,777,816,-1,692,842,482,1118,755,680,530,946,944,1220,-1,-1,1224,888,750,-1,-1,927,1051,926,711,800,-1,920,1562,-1,-1,-1,692,894,1222,756,-1,1866,-1,658,1443,-1,1381,855,1451,666,918,765,-1,780,-1,689,414,518,651,697,520,-1,570,-1,-1,550,-1,599,1391,-1,1171,1081,919,872,712,950,1241,980,1343,1647,1465,443,848,1049,1436,937,595,579,845,726,747,632,1307,975,652,609,484,-1,443,847,1351,1396,1044,973,-1,1229,1093,913,1096,985,-1,636,581,1176,1018,-1,-1,1431,1008,795,1166,445,-1,913,569,510,854,940,992,1627,1337,537,643,584,516,591,724,1363,-1,-1,-1,953,948,1128,695,1284,940,1269,833,1223,741,1071,749,1143,-1,-1,934,569,-1,1445,880,918,1083,985,508
Eritrea,777,317,528,488,467,973,-1,523,494,464,605,715,1095,563,580,1020,697,-1,-1,598,774,545,-1,-1,1130,1269,1130,650,982,-1,1086,984,-1,-1,-1,555,671,616,626,-1,1421,-1,628,904,1381,-1,992,700,638,831,909,-1,495,-1,882,824,995,1149,885,486,-1,982,-1,-1,500,-1,501,854,-1,619,524,412,429,555,466,926,507,713,1085,979,434,301,614,751,521,556,919,848,565,688,598,1622,1255,619,454,443,-1,485,1267,673,890,1460,822,-1,636,1155,964,1323,1162,-1,635,681,551,374,-1,-1,941,569,548,633,891,-1,285,492,528,640,536,262,687,705,574,511,461,954,505,1209,815,-1,-1,-1,507,937,1303,848,661,486,762,450,1234,557,801,495,600,-1,-1,512,486,-1,784,107,938,899,753,529
Spain,494,704,1049,329,674,817,-1,604,894,371,1237,658,778,376,843,952,1335,-1,-1,1391,870,705,-1,-1,886,914,885,576,931,-1,865,1848,-1,-1,-1,591,935,930,691,-1,357,-1,579,839,855,992,-1,1088,590,1052,771,-1,805,-1,775,496,648,890,708,339,-1,674,-1,-1,426,-1,494,1535,-1,720,1214,615,797,683,608,1029,1046,1530,1965,1669,347,601,1140,1674,587,432,768,836,666,640,543,573,761,495,540,385,-1,351,1035,1567,1615,913,894,-1,1385,1031,912,1011,911,-1,494,477,1332,755,-1,-1,1553,1108,764,714,503,-1,667,495,406,861,830,710,1112,1057,432,533,465,732,462,787,1084,-1,-1,-1,602,913,908,765,1456,1009,1390,876,424,515,935,717,959,-1,-1,993,454,-1,1676,692,892,1001,923,404
Ethiopia,865,397,599,576,583,1149,-1,603,607,542,635,801,1104,670,573,998,701,-1,-1,634,795,631,-1,-1,1495,1145,997,734,971,-1,1021,1039,-1,-1,-1,634,763,558,708,-1,1577,-1,714,1228,1451,700,1088,-1,724,928,846,-1,611,-1,863,895,1008,1151,841,591,-1,991,-1,-1,577,-1,581,852,-1,849,571,550,537,637,639,1158,569,723,1141,1027,513,408,692,772,694,631,912,881,650,774,683,1864,1353,699,539,520,-1,575,1280,696,955,1497,866,-1,635,1309,1054,1343,1145,-1,712,764,588,442,-1,-1,937,635,632,862,964,-1,375,587,620,740,516,384,994,915,649,589,532,953,579,1228,1060,-1,-1,-1,681,998,1308,830,674,555,755,537,1405,694,856,582,590,-1,-1,583,558,-1,809,139,1003,979,771,621
Finland,505,761,1419,425,868,771,-1,360,1396,373,1597,413,636,486,705,693,1589,-1,-1,2001,783,368,-1,-1,800,776,799,465,715,-1,705,3169,-1,-1,-1,434,369,621,221,-1,433,-1,41,563,666,638,590,724,-1,478,676,-1,1231,-1,641,572,618,718,640,617,-1,630,-1,-1,425,-1,487,1857,-1,649,1741,826,1105,440,647,765,1274,2085,3441,2358,392,766,1510,2536,603,352,668,763,305,418,180,450,617,434,494,401,-1,407,740,2360,2584,711,750,-1,1794,870,836,687,650,-1,376,790,1915,803,-1,-1,1808,1512,458,534,561,-1,729,584,433,894,690,858,712,770,397,428,476,655,331,677,742,-1,-1,-1,769,800,674,632,1972,1291,1630,1135,350,772,741,568,741,-1,-1,1220,367,-1,2500,898,793,838,787,433
France,708,655,1118,320,687,809,-1,518,954,337,1319,263,812,352,793,939,1402,-1,-1,1514,847,629,-1,-1,860,860,859,436,943,-1,843,2059,-1,-1,-1,442,878,797,514,-1,447,-1,465,642,918,831,1052,928,478,-1,773,-1,844,-1,800,773,715,922,719,349,-1,737,-1,-1,360,-1,415,1617,-1,555,1319,644,843,1106,481,924,1087,1658,2198,1797,322,630,1193,1849,456,283,812,819,566,287,426,497,907,690,494,373,-1,334,1031,1729,1767,948,846,-1,1489,979,893,979,887,-1,215,335,1449,701,-1,-1,1617,1186,685,549,727,-1,622,468,362,831,778,670,919,934,309,483,363,784,474,839,943,-1,-1,-1,546,880,847,789,1575,1059,1457,917,370,520,863,676,872,-1,-1,1032,552,-1,1842,684,865,945,879,359
Gabon,675,690,805,516,707,551,-1,593,752,489,824,701,448,610,751,338,838,-1,-1,820,822,617,-1,-1,417,552,827,645,356,-1,448,1142,-1,-1,-1,614,723,784,681,-1,1020,-1,668,1003,765,909,771,846,676,773,-1,-1,723,-1,243,606,535,551,379,551,-1,507,-1,-1,507,-1,530,960,-1,881,783,736,729,575,744,762,725,883,1222,1125,482,649,805,939,766,575,390,760,619,682,640,1206,818,600,549,475,-1,529,588,877,1053,680,779,-1,789,957,890,554,491,-1,641,660,782,735,-1,-1,1016,840,649,884,664,-1,661,572,559,738,769,689,1014,836,598,564,534,445,536,671,799,-1,-1,-1,769,752,718,278,843,736,859,722,1007,711,1003,589,858,-1,-1,750,511,-1,969,519,881,903,776,559
United Kingdom,-1,-1,-1,-1,-1,-1,-1,-1,-1,-1,-1,-1,-1,-1,-1,-1,-1,-1,-1,-1,-1,-1,-1,-1,-1,-1,-1,-1,-1,-1,-1,-1,-1,-1,-1,-1,-1,-1,-1,-1,-1,-1,-1,-1,-1,-1,-1,-1,-1,-1,-1,-1,-1,-1,-1,-1,-1,-1,-1,-1,-1,-1,-1,-1,-1,-1,-1,-1,464,-1,-1,-1,-1,-1,-1,-1,-1,-1,-1,-1,-1,-1,-1,-1,-1,-1,-1,-1,-1,-1,-1,-1,-1,-1,-1,-1,-1,-1,-1,-1,-1,-1,-1,-1,-1,-1,-1,-1,-1,-1,-1,-1,-1,-1,-1,-1,-1,-1,-1,-1,-1,-1,-1,-1,-1,-1,-1,-1,-1,-1,-1,-1,-1,-1,-1,-1,-1,-1,-1,-1,-1,-1,-1,-1,-1,-1,-1,-1,-1,-1,-1,-1,-1,-1,-1,-1,-1,-1,-1,-1,-1,-1,-1,-1
Georgia,708,526,757,692,170,806,-1,585,447,541,1161,808,790,886,653,814,1334,-1,-1,1449,759,907,-1,-1,843,814,843,751,782,-1,762,2930,-1,-1,-1,838,880,477,699,-1,601,-1,1205,443,780,495,805,611,1231,844,723,-1,-1,-1,747,721,739,838,690,922,-1,743,-1,-1,588,-1,711,1643,-1,463,1087,466,439,534,446,689,816,1672,3307,2263,487,465,1141,2014,397,569,747,732,1017,775,1124,589,758,608,466,526,-1,645,859,1795,2414,897,696,-1,1415,844,851,860,734,-1,801,1541,1326,594,-1,-1,1675,877,1070,343,754,-1,480,516,666,1647,632,633,624,714,897,616,762,750,440,830,627,-1,-1,-1,588,766,728,729,1542,688,1411,411,502,1026,672,733,677,-1,-1,679,445,-1,2034,772,766,818,748,670
French Guiana,-1,-1,-1,-1,-1,-1,2211,-1,-1,-1,-1,-1,-1,-1,-1,-1,-1,1504,2344,-1,-1,-1,524,502,-1,-1,-1,-1,-1,1555,-1,-1,1206,886,380,-1,-1,-1,-1,-1,-1,988,-1,-1,-1,-1,-1,-1,-1,-1,-1,-1,-1,-1,-1,-1,-1,-1,-1,-1,616,-1,339,659,-1,-1,-1,-1,-1,-1,-1,-1,-1,-1,-1,-1,-1,-1,-1,-1,-1,-1,-1,-1,-1,-1,-1,-1,-1,-1,-1,-1,-1,-1,-1,-1,-1,-1,-1,-1,-1,-1,-1,664,-1,-1,-1,-1,-1,763,-1,-1,-1,-1,1012,1659,-1,-1,-1,-1,-1,1695,-1,-1,-1,-1,-1,-1,-1,-1,-1,-1,-1,-1,-1,-1,-1,330,594,-1,-1,-1,-1,-1,-1,-1,-1,-1,-1,-1,-1,-1,-1,501,2214,-1,-1,861,-1,-1,-1,-1,-1,-1
Ghana,682,773,864,492,735,363,-1,622,787,461,893,719,766,590,572,165,909,-1,-1,883,547,660,-1,-1,408,521,407,663,577,-1,328,1182,-1,-1,-1,640,764,802,709,-1,1157,-1,634,1066,689,882,775,863,641,800,243,-1,747,-1,-1,571,499,775,203,541,-1,609,-1,-1,525,-1,555,1038,-1,938,849,790,778,602,793,697,759,961,1259,1160,461,712,825,1015,805,587,587,540,656,702,608,1109,806,613,536,451,-1,507,580,951,1081,734,618,-1,869,709,519,458,311,-1,651,610,844,823,-1,-1,1094,902,691,939,630,-1,740,556,532,721,577,775,936,705,560,588,555,492,553,713,845,-1,-1,-1,813,610,609,169,918,780,936,766,904,720,700,637,614,-1,-1,789,527,-1,1040,625,578,650,614,531
Gibraltar,460,644,942,322,619,668,-1,556,795,365,1121,603,532,365,708,676,1233,-1,-1,1239,748,652,-1,-1,709,714,708,534,649,-1,661,1615,-1,-1,-1,555,780,794,640,-1,252,-1,562,692,414,824,496,895,572,773,606,-1,721,-1,571,-1,458,613,552,323,-1,479,-1,-1,416,-1,474,1417,-1,625,1082,564,720,555,544,859,950,1377,1715,1498,340,554,1019,1482,529,433,557,728,623,587,531,434,135,458,510,371,-1,342,653,1388,1422,564,767,-1,1258,882,768,653,653,-1,494,480,1187,690,-1,-1,1451,994,684,620,219,-1,611,468,396,777,698,637,877,854,440,497,454,527,435,532,918,-1,-1,-1,541,790,671,565,1311,912,1291,794,348,479,793,654,796,-1,-1,901,416,-1,1487,616,770,839,788,394
Gambia,610,832,879,468,734,587,-1,613,784,473,923,651,545,556,772,559,1021,-1,-1,988,694,661,-1,-1,672,797,671,619,479,-1,652,1236,-1,-1,-1,617,726,925,664,-1,1080,-1,612,1046,518,995,648,1008,618,715,535,-1,739,-1,499,458,-1,268,497,534,-1,103,-1,-1,523,-1,556,1157,-1,939,879,814,796,602,815,873,827,1083,1300,1200,441,759,871,1136,814,556,337,669,648,644,592,926,620,580,561,470,-1,483,467,1072,1122,257,790,-1,998,860,677,674,667,-1,590,562,951,881,-1,-1,1213,916,680,937,482,-1,800,529,493,730,774,840,1057,894,530,580,549,219,545,166,989,-1,-1,-1,824,753,858,527,1039,790,1057,779,927,703,882,655,801,-1,-1,790,527,-1,1151,734,722,840,783,492
Guinea,789,920,974,535,830,601,-1,732,886,545,999,812,683,643,830,610,1086,-1,-1,1082,715,772,-1,-1,712,901,711,767,975,-1,714,1390,-1,-1,-1,741,893,1036,801,-1,1729,-1,711,1296,651,1149,890,1151,718,922,551,-1,838,-1,775,613,268,-1,512,611,-1,331,-1,-1,614,-1,651,1229,-1,1120,960,925,894,734,945,954,916,1168,1466,1338,499,844,983,1240,948,673,476,684,759,801,687,1261,934,717,641,540,-1,552,712,1169,1265,489,836,-1,1061,908,697,890,776,-1,720,661,1040,974,-1,-1,1281,1015,811,1118,653,-1,885,604,566,848,835,941,1264,1005,613,693,645,124,653,703,1097,-1,-1,-1,958,782,1051,562,1120,870,1111,866,1287,813,958,760,871,-1,-1,873,629,-1,1260,796,747,898,824,565
Equatorial Guinea,621,674,787,478,674,492,-1,553,721,454,817,654,370,568,605,248,840,-1,-1,810,729,583,-1,-1,383,543,571,598,318,-1,304,1123,-1,-1,-1,573,677,777,640,-1,925,-1,632,937,697,885,708,841,640,719,379,-1,690,-1,203,552,497,512,-1,510,-1,471,-1,-1,471,-1,494,966,-1,831,771,705,703,530,702,792,706,883,1202,1107,448,626,780,935,722,534,364,694,584,636,605,1086,744,553,516,441,-1,491,523,872,1030,625,677,-1,793,834,762,435,302,-1,600,623,772,721,-1,-1,1026,823,610,833,610,-1,643,535,521,701,612,667,970,845,565,524,498,415,496,624,813,-1,-1,-1,726,684,577,219,842,716,868,699,915,668,798,556,668,-1,-1,729,471,-1,963,512,775,754,683,520
Greece,278,814,1354,500,905,661,-1,320,1131,263,1286,348,540,524,576,583,1223,-1,-1,1231,693,449,-1,-1,680,626,679,332,565,-1,568,1908,-1,-1,-1,307,360,500,356,-1,305,-1,596,280,520,486,339,591,617,349,551,-1,922,-1,541,323,534,611,510,-1,-1,539,-1,-1,360,-1,374,1458,-1,418,1254,968,1236,210,432,650,857,1410,2088,1707,281,811,994,1569,384,308,549,678,465,318,527,222,396,216,362,311,-1,486,601,1434,1636,633,649,-1,1248,793,748,575,513,-1,361,651,1154,916,-1,-1,1507,1476,399,304,357,-1,743,371,403,743,558,876,525,625,481,293,312,549,192,599,650,-1,-1,-1,620,716,498,524,1321,975,1292,1009,200,819,630,495,609,-1,-1,970,176,-1,1586,846,706,741,691,405
